14.0	23.23	90.17	93.59	94.97	91.54	40.09	16.4	
210.75  220.31  219.19  215.53  211.77  208.02  198.82  208.02

14.0	2.39	0.68	6.49	52.6	57.38	68.66	105.2	106.57	105.2	93.25
210.75	181.03	166.34	148.24	123.65	123.99	123.65	152.0	167.71	176.59	215.19

4.1		53.63	93.93	101.45	102.47	102.47	97.35	42.7	4.1
174.2	188.2	178.3	173.86	171.47	169.08	164.64	156.1	170.44

42.01	46.45	47.82	52.26	59.09	62.85	69.34
123.99	45.77	41.67	38.36	37.23	41.67	122.96
	
5.12	43.04	54.68	94.61	97.35	99.05	99.05	97.69	50.89	45.09	5.12
35.52	64.9	64.56	48.5	43.04	38.94	33.47	27.67	5.12	5.12	35.52
